XMIN=1.240000e+00
XMAX=1.240000e+00
NX=1
YMIN=1.240000e+00
YMAX=1.240000e+00
NY=1
ZMIN=-6.100000e+01
ZMAX=-6.100000e+01
NZ=2000
INPUTFILE=./WAVECAR
OUTPUTFILE=testOld.mat
NTHREADS=1
BANDS= 601
EFERMI=4.038634e+00
